 0.20 0.50 0.30 0.00 0.40 0.50 0.50 0.60 0.60 0.70
 0.40 0.30 0.20 0.40 0.40 0.40 0.40 0.70 0.70 1.00
 0.20 0.20 0.50 0.40 0.60 0.70 1.00 1.00 1.40 1.30
 0.30 0.30 0.70 0.40 0.90 0.80 1.10 1.10 1.20 1.40
 0.20 0.60 0.70 0.70 0.60 1.10 1.20 1.80 1.50 1.90
 0.40 0.50 0.90 1.00 1.00 1.20 1.60 1.60 2.10 2.20
 0.40 0.70 1.00 1.10 1.20 1.40 1.70 2.00 1.90 2.40
 0.40 0.60 1.00 1.10 2.00 1.70 1.70 1.70 2.10 2.40
 0.30 0.70 1.20 1.10 1.60 2.00 1.90 2.00 2.10 2.60
 0.80 0.90 1.40 1.20 1.80 2.00 2.40 2.20 2.40 2.70
